[28107.852755] [Project1] 24504 1588137687.204990983 1588137688.213161891
[28109.941309] [Project1] 24506 1588137689.237906235 1588137690.301709291
[28111.987930] [Project1] 24516 1588137691.316523080 1588137692.348321666
[28114.055898] [Project1] 24517 1588137693.372660475 1588137694.416304596
[28116.113257] [Project1] 24518 1588137695.444520172 1588137696.473661012
[28118.141309] [Project1] 24519 1588137697.512079292 1588137698.501713860
[28120.164709] [Project1] 24520 1588137699.512775013 1588137700.525110745
[28122.107332] [Project1] 24521 1588137701.521650306 1588137702.467733107
[28124.095550] [Project1] 24522 1588137703.454164016 1588137704.455946625
[28126.115258] [Project1] 24523 1588137705.461465457 1588137706.475649740
